med_tls_em_rmse0=[0.06598929332466051, 0.06599355571012884, 0.06600940746484218, 0.06602314425273148, 0.06607245667730186, 0.06609270515492059, 0.06612312620389788, 0.06603702947117687, 0.06614513653009517, 0.06612890020956724, 0.06620268737823926, 0.06639075374706453, 0.06644839196479878]
med_tls_rmse0=[0.06640386578688108, 0.06670189019096182, 0.06708430795577291, 0.06788450383996647, 0.06907296513397307, 0.07047379260760848, 0.0718296914982664, 0.07327211168801523, 0.07526516662976285, 0.07807148794882005, 0.08008003052394821, 0.08262438741103093, 0.08659801692422611]
med_ls_em_rmse0=[0.06673169245405872, 0.06673386481155735, 0.06675555542086531, 0.06670424584528985, 0.06675229288905525, 0.06678157991345748, 0.06679339111619526, 0.06680473928532506, 0.0667072160932767, 0.06671867000162525, 0.06676462700934402, 0.06679477287237409, 0.06668739392807033]
med_ls_rmse0=[0.06998954594914816, 0.07242562460623732, 0.07532032989839546, 0.07886993863786168, 0.08249534451685334, 0.0861185618369131, 0.09005102238464094, 0.09403095773738054, 0.09819822974299963, 0.10177120467397832, 0.10574711326067462, 0.10918993582623569, 0.11291325313642755]