med_tls_em_rmse=[0.05227958656455837, 0.05227958656455837, 0.05227958656455837, 0.05227958656455837, 0.05227958656455837, 0.05227958656455837, 0.05227958656455837, 0.05227958656455837, 0.05227958656455837]
med_tls_rmse=[0.08997820544015853, 0.08997820544015853, 0.08997820544015853, 0.08997820544015853, 0.08997820544015853, 0.08997820544015853, 0.08997820544015853, 0.08997820544015853, 0.08997820544015853]
med_ls_em_rmse=[0.05170153054851961, 0.05170153054851961, 0.05170153054851961, 0.05170153054851961, 0.05170153054851961, 0.05170153054851961, 0.05170153054851961, 0.05170153054851961, 0.05170153054851961]
med_ls_rmse=[0.15219727830465152, 0.15219727830465152, 0.15219727830465152, 0.15219727830465152, 0.15219727830465152, 0.15219727830465152, 0.15219727830465152, 0.15219727830465152, 0.15219727830465152]