med_tls_em_rmse=[0.10739202428228475, 0.09372489429832595, 0.08894437664393298, 0.08746814354927684, 0.0805287675551736, 0.07631105441331074, 0.07256498038830031, 0.07074661682297248, 0.0663424153361223]
med_tls_rmse=[0.24180531239573386, 0.16726337760792784, 0.14268178893446404, 0.12819288298057943, 0.11059570043537237, 0.1040410916615759, 0.09650127572830089, 0.08913648878641837, 0.08037076053834957]
med_ls_em_rmse=[0.10334282496788533, 0.0933980035248172, 0.08953837814079055, 0.08873002092683008, 0.08316023899237245, 0.07869102788456843, 0.07476660612033915, 0.07262161465731717, 0.06874818650035505]
med_ls_rmse=[0.14613540381067502, 0.12957470364233442, 0.12318252882292714, 0.12122241825884233, 0.11730007306777657, 0.11666292465177139, 0.11516532573677707, 0.11273416264047069, 0.10530821390728343]