med_tls_em_rmse3=[0.06623570118741232, 0.06622181220963469, 0.06621715253808491, 0.0662906347243804, 0.0663793041398368, 0.06636801703053553, 0.06640774343019866, 0.06642532382610672, 0.06656546691400553, 0.06666568009036483, 0.06671219503339348, 0.06675657459889789, 0.06680828777957906]
med_tls_rmse3=[0.06636377952187601, 0.0665687013597557, 0.06714963897312054, 0.06805465683645565, 0.06909250478329304, 0.07062141278035525, 0.071899873060402, 0.07354346587004124, 0.07554930939152729, 0.0777624863848847, 0.08018291873047781, 0.0826075988174104, 0.08627768257409732]
med_ls_em_rmse3=[0.0668762742466962, 0.06689342995265679, 0.06694073405338305, 0.06694046551682477, 0.06696234274138702, 0.0669522246317486, 0.06702516437165021, 0.06703611971020826, 0.06706738486279525, 0.06713735170536686, 0.06713313377696917, 0.06720737250067137, 0.06727793189633743]
med_ls_rmse3=[0.06995510086440221, 0.07238848432693729, 0.07550628177750114, 0.07894923762227941, 0.08239575735526022, 0.0862732984867343, 0.09003761091177023, 0.09413091778612673, 0.09811385810409534, 0.10198976874998011, 0.10602850703010715, 0.10947327798835975, 0.11286986033868754]