med_tls_em_rmse=[0.7223271009088092, 0.23380978883335746, 0.18249830969697325, 0.0855847043886428, 0.08704344388862455, 0.08323301385504348, 0.08812123815310038, 0.06036299946442703, 0.04215502034139207]
med_tls_rmse=[0.959503833188598, 0.4754612563663577, 0.47396208971221426, 0.3490476448893711, 0.28924680072192577, 0.45813623845678586, 0.5005306382290451, 0.14242689177580953, 0.15767108426589396]
med_ls_em_rmse=[0.10342673981830088, 0.09971778306802914, 0.08635010548955657, 0.08513158795631941, 0.08807517842421264, 0.08292735838840368, 0.08879336171223726, 0.06056856397293242, 0.04318548533792323]
med_ls_rmse=[0.2022780449402068, 0.1585946882804537, 0.14214564817363137, 0.13609776180705696, 0.14439968204670672, 0.14208778238763026, 0.14402255351152848, 0.11432336664118403, 0.13511265284812257]