med_tls_em_rmse=[0.06672196870654079, 0.06690396730788652, 0.0664991839432118, 0.06633023397670851, 0.06622173562145071, 0.06615409228605486, 0.06603779290906833, 0.06600985672201606, 0.06611741093027218, 0.06611865629323771, 0.06612994717290893, 0.06617602702651772, 0.0663149696232424, 0.06629701739706254, 0.06632300928714852, 0.06637033581918822, 0.06641462566844651, 0.06646357741500655, 0.06653137935405046, 0.0665688947727903, 0.06669016168584671]
med_tls_rmse=[0.0646047304903378, 0.06495726480551559, 0.06567252026835826, 0.06584587656610896, 0.06583398406272803, 0.06580145162309886, 0.06594801001095021, 0.06597988984299616, 0.06611097555527393, 0.0663600021110604, 0.06687183714866657, 0.06740224324127533, 0.06814326087675415, 0.06881902313038854, 0.0703412956247417, 0.07142788094642942, 0.07301847773842868, 0.07465190533748174, 0.07648657263964431, 0.07822702514784093, 0.08042123765780732]
med_ls_em_rmse=[0.06645331459065781, 0.06634781159307505, 0.06631071409563691, 0.0662889310629696, 0.06647211779180326, 0.06662391241603846, 0.06666752441572125, 0.06678195742683017, 0.06683093985593094, 0.0668836370010222, 0.06690683824416815, 0.06695813726062452, 0.06696070662528492, 0.06697781339625039, 0.06699235210022383, 0.0669183655320919, 0.06687044931660774, 0.06693399912226891, 0.0669339748167753, 0.06694257803785447, 0.06706154819242968]
med_ls_rmse=[0.0627574474750485, 0.06256612906960787, 0.06273079998329982, 0.06276187033335479, 0.06314661535342732, 0.06407946037801632, 0.06547375944344075, 0.0672347527048027, 0.06928342837731562, 0.07126123457911757, 0.07431235886390058, 0.07728988597006639, 0.08120019233320735, 0.0848491879147242, 0.0886820593853137, 0.09267326966278194, 0.09666935164565324, 0.10044127860031143, 0.10401184429098495, 0.10755012828391185, 0.11127155538772339]