med_tls_em_rmse1=[0.06604722710775728, 0.06600834884645429, 0.06597303424371151, 0.06603954439848159, 0.06604002290191827, 0.066119962230102, 0.06606330779753075, 0.06614071897957316, 0.06619455551435605, 0.06624368409136236, 0.06627585600456531, 0.0662634693920873, 0.06639072167230496]
med_tls_rmse1=[0.06640422643342431, 0.06655677815861313, 0.06703681001868199, 0.0676302266363388, 0.06876351975612677, 0.06986480244441773, 0.07122362908090552, 0.07286896401620248, 0.07456482217447918, 0.0766778550118089, 0.07895513336026855, 0.08115970741019943, 0.08382528787288154]
med_ls_em_rmse1=[0.06682926762820265, 0.06682695844263073, 0.06687541861988855, 0.06688247410011047, 0.0668943405988175, 0.06694406051260424, 0.06693666175729926, 0.06685481691434189, 0.06686159291728361, 0.06694444051504399, 0.06699535744088198, 0.06699971636829877, 0.06700499959855351]
med_ls_rmse1=[0.06951859733069743, 0.071803285291872, 0.07441900097273887, 0.07780791018618731, 0.08100857504335748, 0.08452290435003332, 0.08835752444426852, 0.0921801249359055, 0.09633054022823434, 0.09991538666290192, 0.10342752087203179, 0.10737690122413895, 0.11081071069602888]