med_tls_em_rmse1=[0.10750407384036514, 0.09313456151863742, 0.08847369750602299, 0.08684443193081057, 0.08010939249141089, 0.07594077763422255, 0.07224368780480583, 0.07050003744125236, 0.06590492866487202]
med_tls_rmse1=[0.23245050554072022, 0.16105460024607712, 0.1375666729559965, 0.12391934545244487, 0.10746350008962349, 0.10136755951274085, 0.09417552861227357, 0.08724217841921192, 0.07880901756525664]
med_ls_em_rmse1=[0.10361283551172809, 0.09289698543982464, 0.0892996430008718, 0.08852262389668891, 0.08322636921274051, 0.0787096265745818, 0.07458131456294631, 0.0723418787881559, 0.06836187674308145]
med_ls_rmse1=[0.14338418659904167, 0.12733680019653149, 0.12095816882492791, 0.11908499836119471, 0.11528325844198253, 0.11469120464308288, 0.1132542140899995, 0.11081098686482148, 0.10347172825018021]