med_tls_em_rmse2=[0.06603171725804166, 0.06597807737953162, 0.06594151693582094, 0.06593007735010331, 0.06594040346345587, 0.06593114645950934, 0.06590390580818992, 0.06589774381502117, 0.06587628033419643, 0.06587321357841784, 0.06586847389337958, 0.06587151799648074, 0.06588007249432087]
med_tls_rmse2=[0.06636797573078668, 0.06660309574641401, 0.06716639684160072, 0.06784644750945325, 0.0691031466552818, 0.07037547837628344, 0.07177711352665392, 0.07336093356140373, 0.07522422617801086, 0.0774599354996948, 0.07956147830094909, 0.08185491686166949, 0.08517428106867779]
med_ls_em_rmse2=[0.06686043369125308, 0.06687441950273115, 0.06696864568727617, 0.06695757938405161, 0.06695945690983598, 0.06698265484752697, 0.06700309182678835, 0.06699635254151609, 0.06698891299622908, 0.06697891544491458, 0.06699021837843028, 0.06699199515785297, 0.06703144022454033]
med_ls_rmse2=[0.06967664477407448, 0.07206526526284504, 0.07491311565349582, 0.07844334602360215, 0.08182942845665392, 0.0854329664320327, 0.08923297111864961, 0.09321656914488141, 0.09734240660712996, 0.10107091141425398, 0.10493634232353859, 0.10857473730194556, 0.11199069232288651]