med_tls_em_rmse2=[0.10606009252358942, 0.09247784965077381, 0.08768997835208166, 0.08588582096294924, 0.07825281574567897, 0.07471169974178306, 0.07102197487362344, 0.06980458642681989, 0.06479573706283975]
med_tls_rmse2=[0.23790441674417503, 0.16452901346994447, 0.1405355728153337, 0.12668903202665724, 0.10923519843043321, 0.10288789701335276, 0.09554692577326829, 0.08839737875084634, 0.0797739190329706]
med_ls_em_rmse2=[0.10253267020599204, 0.09209101723041144, 0.0883305704883973, 0.08753395455870115, 0.0811606306929946, 0.07695010488180598, 0.0730116240630933, 0.07121665636984083, 0.06696102396983822]
med_ls_rmse2=[0.14470570533690194, 0.12852904685951955, 0.12219044781309084, 0.12032952868851193, 0.11640383432470405, 0.11584932959806898, 0.11431644167898984, 0.1119528805113238, 0.10448715538906805]