med_tls_em_rmse3=[0.11095553995399518, 0.09399346358440307, 0.08882996351062686, 0.0870357010999185, 0.08136778791175305, 0.07713542995478626, 0.07304045687017915, 0.07102129765963822, 0.06647776957267915]
med_tls_rmse3=[0.24192843234212072, 0.16657420938958023, 0.14266661058252983, 0.1280696346388221, 0.11044275948751277, 0.10399661240835632, 0.09642740351923593, 0.08906012393806825, 0.08042434035084253]
med_ls_em_rmse3=[0.1055317934246299, 0.09360649609990329, 0.08980766476495551, 0.08884505420219392, 0.08487318055300752, 0.08048569019006666, 0.0759578350940012, 0.07341911577993365, 0.06933820745540453]
med_ls_rmse3=[0.14584921656321012, 0.12969094273230375, 0.12316931884348342, 0.1211960386764619, 0.11729847641419834, 0.11670241876762864, 0.11521570231280788, 0.11279881763800256, 0.10534715966549481]